MONOKAI_COLORS <- list(
  pink = "#F92672",
  orange = "#FD971F",
  yellow = "#ffd866",
  green = "#A6E22E",
  blue = "#66D9EF",
  purple = "#AE81FF",
  black = "#272822",
  white = "#D6D6D6"
)

PRIMAVERAL_COLORS <- c(
  "#00876c",
  "#3d9a70",
  "#64ad73",
  "#89bf77",
  "#afd17c",
  "#d6e184",
  "#fff18f",
  "#fdd576",
  "#fbb862",
  "#f59b56",
  "#ee7d4f",
  "#e35e4e",
  "#d43d51"
)

PASTEL_COLORS <- c(
  "#003f5c",
  "#2f4b7c",
  "#665191",
  "#a05195",
  "#d45087",
  "#f95d6a",
  "#ff7c43",
  "#ffa600"
)

SEQUENTIAL_BLUE_COLORS <- c(
  "#fff7fb",
  "#ece7f2",
  "#d0d1e6",
  "#a6bddb",
  "#74a9cf",
  "#3690c0",
  "#0570b0",
  "#045a8d",
  "#023858"
)

BREWER_COLORS <- c(
  "#386cb0",
  "#fdb462",
  "#7fc97f",
  "#ef3b2c",
  "#662506",
  "#a6cee3",
  "#fb9a99",
  "#984ea3",
  "#ffff33"
)
