#' @export
MONOKAI_COLORS <- c(
  "#F92672",
  "#A6E22E",
  "#FD971F",
  "#66D9EF",
  "#ffd866",
  "#AE81FF",
  "#D6D6D6",
  "#272822"
)

#' @export
SEQUENTIAL_BLUE_COLORS <- c(
  "#fff7fb",
  "#ece7f2",
  "#d0d1e6",
  "#a6bddb",
  "#74a9cf",
  "#3690c0",
  "#0570b0",
  "#045a8d",
  "#023858"
)

#' @export
BREWER_COLORS <- c(
  "#386cb0",
  "#fdb462",
  "#ef3b2c",
  "#7fc97f",
  "#662506",
  "#a6cee3",
  "#fb9a99",
  "#984ea3",
  "#ffff33",
  "#8dd3c7",
  "#ffffb3",
  "#bebada",
  "#fb8072",
  "#80b1d3",
  "#fdb462",
  "#b3de69",
  "#fccde5",
  "#d9d9d9",
  "#bc80bd",
  "#ccebc5"
)
